FANN_FLO_2.1
num_layers=2
learning_rate=0.700000
connection_rate=1.000000
network_type=1
learning_momentum=0.000000
training_algorithm=2
train_error_function=0
train_stop_function=1
cascade_output_change_fraction=0.010000
quickprop_decay=-0.000100
quickprop_mu=1.750000
rprop_increase_factor=1.200000
rprop_decrease_factor=0.500000
rprop_delta_min=0.000000
rprop_delta_max=50.000000
rprop_delta_zero=0.100000
cascade_output_stagnation_epochs=12
cascade_candidate_change_fraction=0.010000
cascade_candidate_stagnation_epochs=12
cascade_max_out_epochs=150
cascade_min_out_epochs=50
cascade_max_cand_epochs=150
cascade_min_cand_epochs=50
cascade_num_candidate_groups=8
bit_fail_limit=8.99999976158142089844e-01
cascade_candidate_limit=1.00000000000000000000e+03
cascade_weight_multiplier=4.00000005960464477539e-01
cascade_activation_functions_count=1
cascade_activation_functions=5 
cascade_activation_steepnesses_count=1
cascade_activation_steepnesses=1.00000000000000000000e+00 
layer_sizes=9 1 
scale_included=0
neurons (num_inputs, activation_function, activation_steepness)=(0, 0, 0.00000000000000000000e+00) (0, 0, 0.00000000000000000000e+00) (0, 0, 0.00000000000000000000e+00) (0, 0, 0.00000000000000000000e+00) (0, 0, 0.00000000000000000000e+00) (0, 0, 0.00000000000000000000e+00) (0, 0, 0.00000000000000000000e+00) (0, 0, 0.00000000000000000000e+00) (0, 0, 0.00000000000000000000e+00) (9, 0, 5.00000000000000000000e-01) 
connections (connected_to_neuron, weight)=(0, 6.00192025303840637207e-02) (1, 7.79778286814689636230e-02) (2, -6.37838095426559448242e-02) (3, 5.81566318869590759277e-02) (4, 4.41761314868927001953e-03) (5, 5.88017180562019348145e-02) (6, -2.24320143461227416992e-02) (7, 8.94328206777572631836e-03) (8, 7.81573876738548278809e-02) 
